Player 1
101 102 
103 104 
105 106
107 108
109 110
111 112
113 114
115 116
117 118
119 120
121 122
Forestry Sawmill Quarry Career
Copper_Mine Tin_Mine Alloy_Plant
Silver_Cleaner Gold_Mine
Platina_Cleaner Diamond_Factory
1 1 0 0 100 5 0 1 2 3 1
0 1 0 0 100 10 0 4 5 6 1
0 1 0 0 100 15 0 7 8 9 1
0 1 0 0 100 20 0 11 12 1
0 1 0 0 100 25 0 13 14 15 1
0 1 0 0 100 30 0 16 17 18 1
0 1 0 0 100 35 0 19 20 21 1
0 1 0 0 100 40 0 22 23 24 1
0 1 0 0 100 45 0 25 26 27 1
0 1 0 0 100 50 0 28 29 30 1
0 1 0 0 100 100 0 31 32 33 1
1 1 1 1 1 1 1 1 1 1
